Vertex Count: 36

Data:

14.7 -0.733 14.717 0 0 0 -1 0
-14.7 -0.733 14.717 1 0 0 -1 0
-14.7 -0.733 -14.717 1 1 0 -1 0
-14.7 -0.733 -14.717 1 1 0 -1 0
14.7 -0.733 -14.717 0 1 0 -1 0
14.7 -0.733 14.717 0 0 0 -1 0
14.7 0.733 14.717 1 0 0 1 0
14.7 0.733 -14.717 1 1 0 1 0
-14.7 0.733 -14.717 0 1 0 1 0
-14.7 0.733 -14.717 0 1 0 1 0
-14.7 0.733 14.717 0 0 0 1 0
14.7 0.733 14.717 1 0 0 1 0
14.7 0.733 -14.717 1 0 0 0 -1
14.7 -0.733 -14.717 1 1 0 0 -1
-14.7 -0.733 -14.717 0 1 0 0 -1
-14.7 -0.733 -14.717 0 1 0 0 -1
-14.7 0.733 -14.717 0 0 0 0 -1
14.7 0.733 -14.717 1 0 0 0 -1
14.7 0.733 14.717 1 0 1 0 0
14.7 -0.733 14.717 1 1 1 0 0
14.7 -0.733 -14.717 0 1 1 0 0
14.7 -0.733 -14.717 0 1 1 0 0
14.7 0.733 -14.717 0 0 1 0 0
14.7 0.733 14.717 1 0 1 0 0
-14.7 0.733 14.717 1 0 0 0 1
-14.7 -0.733 14.717 1 1 0 0 1
14.7 -0.733 14.717 0 1 0 0 1
14.7 -0.733 14.717 0 1 0 0 1
14.7 0.733 14.717 0 0 0 0 1
-14.7 0.733 14.717 1 0 0 0 1
-14.7 0.733 -14.717 1 0 -1 0 0
-14.7 -0.733 -14.717 1 1 -1 0 0
-14.7 -0.733 14.717 0 1 -1 0 0
-14.7 -0.733 14.717 0 1 -1 0 0
-14.7 0.733 14.717 0 0 -1 0 0
-14.7 0.733 -14.717 1 0 -1 0 0
